VNUM	TYPE	MODEL	NAME	REG_1	REG_2	REG_3	REG_4	XROT_LIMIT	YROT_LIMIT	ZROT_LIMIT	PRICE	MATERIALS	NPC	GROUP	DEPEND_GROUP	ENABLE_FLAG	NEW_WORLD
14013	FACILITY	jedan	Wapensmid	-525	-525	525	525	0	0	360	20000000	90010,20/90011,30/90012,20	20044	2	1	1	0
14014	FACILITY	jedan	Pantsersmid	-525	-525	525	525	0	0	360	20000000	90010,20/90011,30/90012,20	20045	2	1	1	0
14015	FACILITY	jedan	Juwelier	-525	-525	525	525	0	0	360	20000000	90010,20/90011,30/90012,20	20046	2	1	1	0
14033	FACILITY	suryeonjang	Trainings Centrum	-832.57	-472.99	832.57	472.99	0	0	360	20000000	90010,25/90011,25/90012,25	0	0	0	2	0
14043	FACILITY	yonggwangro	Diamant Oven	-179.63	-199.89	179.63	199.89	0	0	360	20000000	90010,15/90011,20/90012,25	20060	3	1	1	0
14045	FACILITY	yonggwangro	Fossiel Hout Oven	-179.63	-199.89	179.63	199.89	0	0	360	20000000	90010,15/90011,20/90012,25	20062	3	1	1	0
14046	FACILITY	yonggwangro	Koper Oven	-179.63	-199.89	179.63	199.89	0	0	360	20000000	90010,15/90011,20/90012,25	20063	3	1	1	0
14047	FACILITY	yonggwangro	Zilver Oven	-179.63	-199.89	179.63	199.89	0	0	360	20000000	90010,15/90011,20/90012,25	20064	3	1	1	0
14048	FACILITY	yonggwangro	Goud Oven	-179.63	-199.89	179.63	199.89	0	0	360	20000000	90010,15/90011,20/90012,25	20065	3	1	1	0
14049	FACILITY	yonggwangro	Jade Oven	-179.63	-199.89	179.63	199.89	0	0	360	20000000	90010,15/90011,20/90012,25	20066	3	1	1	0
14050	FACILITY	yonggwangro	Ebbenhout Steen Oven	-179.63	-199.89	179.63	199.89	0	0	360	20000000	90010,15/90011,20/90012,25	20067	3	1	1	0
14051	FACILITY	yonggwangro	Parel Oven	-179.63	-199.89	179.63	199.89	0	0	360	20000000	90010,15/90011,20/90012,25	20068	3	1	1	0
14052	FACILITY	yonggwangro	Platina Oven	-179.63	-199.89	179.63	199.89	0	0	360	20000000	90010,15/90011,20/90012,25	20069	3	1	1	0
14053	FACILITY	yonggwangro	Kristal Oven	-179.63	-199.89	179.63	199.89	0	0	360	20000000	90010,15/90011,20/90012,25	20070	3	1	1	0
14054	FACILITY	yonggwangro	Amethist Oven	-179.63	-199.89	179.63	199.89	0	0	360	20000000	90010,15/90011,20/90012,25	20071	3	1	1	0
14055	FACILITY	yonggwangro	Hemelse Traan Oven	-179.63	-199.89	179.63	199.89	0	0	360	20000000	90010,15/90011,20/90012,25	20072	3	1	1	0
14061	FACILITY	himuijedan_01	Altaar van Kracht	-523.91	-995.84	527.55	750.99	0	0	360	25000000	90010,25/90011,25/90012,25	20077	4	1	1	0
14062	FACILITY	himuijedan_02	Altaar van Kracht	-586.17	-995.84	587.18	818.56	0	0	360	500000000	90010,50/90011,50/90012,50	20078	4	4	2	0
14063	FACILITY	himuijedan_03	Altaar van Kracht	-664.7	-995.84	665.7	896.57	0	0	360	750000000	90010,75/90011,75/90012,75	20079	4	4	2	0
14071	FACILITY	guildbank_01	Gilde Warenhuis	-523.91	-995.84	527.55	750.99	0	0	360	25000000	"90010,25/90011,25/90012,25"	60000	6	1	1	0
14072	FACILITY	guildbank_02	Gilde Warenhuis	-586.17	-995.84	587.18	818.56	0	0	360	500000000	"90010,50/90011,50/90012,50"	60001	6	6	2	0
14073	FACILITY	guildbank_03	Gilde Warenhuis	-664.7	-995.84	665.7	896.57	0	0	360	750000000	"90010,75/90011,75/90012,75"	60002	6	6	2	0
14074	FACILITY	yonggwangro	Zielkristal Oven	-179.63	-199.89	179.63	199.89	0	0	360	20000000	90010,15/90011,20/90012,25	20423	3	1	1	0
14075	FACILITY	yonggwangro	Robijn Oven	-179.63	-199.89	179.63	199.89	0	0	360	20000000	90010,15/90011,20/90012,25	20424	3	1	1	0
14076	FACILITY	yonggwangro	Granaat Oven	-179.63	-199.89	179.63	199.89	0	0	360	20000000	90010,15/90011,20/90012,25	20425	3	1	1	0
14077	FACILITY	yonggwangro	Smaragd Oven	-179.63	-199.89	179.63	199.89	0	0	360	20000000	90010,15/90011,20/90012,25	20426	3	1	1	0
14078	FACILITY	yonggwangro	Saffier Oven	-179.63	-199.89	179.63	199.89	0	0	360	20000000	90010,15/90011,20/90012,25	20427	3	1	1	0
14079	FACILITY	yonggwangro	Toermalijn Oven	-179.63	-199.89	179.63	199.89	0	0	360	20000000	90010,15/90011,20/90012,25	20428	3	1	1	0
14080	FACILITY	yonggwangro	Mist Jadiet Oven	-179.63	-199.89	179.63	199.89	0	0	360	1000000000	90015,20/90016,30/90017,20	20660	3	1	1	1
14081	FACILITY	yonggwangro	Zon Jadiet Oven	-179.63	-199.89	179.63	199.89	0	0	360	1000000000	90015,20/90016,30/90017,20	20661	3	1	1	1
14082	FACILITY	yonggwangro	Duistere Jadiet Oven	-179.63	-199.89	179.63	199.89	0	0	360	1000000000	90015,20/90016,30/90017,20	20662	3	1	1	1
14083	FACILITY	yonggwangro	Rokerige Jadiet Oven	-179.63	-199.89	179.63	199.89	0	0	360	1000000000	90015,20/90016,30/90017,20	20663	3	1	1	1
14084	FACILITY	jedan	Leder Oven	-525	-525	-525	525	0	0	360	1000000000	0	20835	2	1	1	1
14085	FACILITY	jedan	Ledersmid	-525	-525	525	525	0	0	360	1000000000	90015,40/90016,60/90017,40/31225,1	20828	2	1	1	1
14100	HEADQUARTER	a1-011-workhouse	Huis (1)	-676.52	-894.26	690.18	749.32	0	0	360	20000000	90010,20/90011,30/90012,25	0	1	0	1	0
14101	OBJECT	a1-038-wall-corner	Stenen Muur (1-1)	-400	-153.53	156.48	400	0	0	360	2000000	90010,15/90011,5/90012,5	0	5	0	2	0
14102	OBJECT	a1-038-wall-lin	Stenen Muur (1-2)	-200	-106.73	300	106.73	0	0	360	1000000	90010,15/90011,5/90012,5	0	5	0	2	0
14103	OBJECT	a1-038-wall-lin2	Stenen Muur (1-3)	-500	-106.73	500	106.73	0	0	360	1000000	90010,15/90011,5/90012,5	0	5	0	2	0
14104	OBJECT	a1-038-wall-door	Poort (1)	-1000	-274.73	1000	274.73	0	0	360	2500000	90010,5/90011,15/90012,10	0	5	0	2	0
14105	BUILDIN	a1-set	Muur (1)	-1000	-274.73	1000	274.73	0	0	360	2500000	90010,5/90011,15/90012,10	0	5	0	1	0
14110	HEADQUARTER	b1-011-workhouse	Huis (2)	-678.76	-894.26	687.94	749.32	0	0	360	20000000	90010,20/90011,30/90012,25	0	1	0	1	0
14111	OBJECT	b1-038-wall-corner	Stenen Muur (2-1)	-400	-153.53	156.48	400	0	0	360	2000000	90010,15/90011,5/90012,5	0	5	0	2	0
14112	OBJECT	b1-038-wall-lin	Stenen Muur (2-2)	-200	-106.73	300	106.73	0	0	360	1000000	90010,15/90011,5/90012,5	0	5	0	2	0
14113	OBJECT	b1-038-wall-lin2	Stenen Muur (2-3)	-500	-106.73	500	106.73	0	0	360	1000000	90010,15/90011,5/90012,5	0	5	0	2	0
14114	OBJECT	b1-038-wall-door	Poort (2)	-1000	-274.73	1000	274.73	0	0	360	2500000	90010,5/90011,15/90012,10	0	5	0	2	0
14115	BUILDIN	b1-set	Muur (2)	-1000	-274.73	1000	274.73	0	0	360	2500000	90010,5/90011,15/90012,10	0	5	0	1	0
14120	HEADQUARTER	c1-011-workhouse	Huis (3)	-676.52	-894.26	690.18	749.32	0	0	360	20000000	90010,20/90011,30/90012,25	0	1	0	1	0
14121	OBJECT	c1-038-wall-corner	Stenen Muur (3-1)	-400	-153.53	156.48	400	0	0	360	2000000	90010,15/90011,5/90012,5	0	5	0	2	0
14122	OBJECT	c1-038-wall-lin	Stenen Muur (3-2)	-200	-106.73	300	106.73	0	0	360	1000000	90010,15/90011,5/90012,5	0	5	0	2	0
14123	OBJECT	c1-038-wall-lin2	Stenen Muur (3-3)	-500	-106.73	500	106.73	0	0	360	1000000	90010,15/90011,5/90012,5	0	5	0	2	0
14124	OBJECT	c1-038-wall-door	Poort (3)	-1000	-274.73	1000	274.73	0	0	360	2500000	90010,5/90011,15/90012,10	0	5	0	2	0
14125	BUILDIN	c1-set	Muur (3)	-1000	-274.73	1000	274.73	0	0	360	2500000	90010,5/90011,15/90012,10	0	5	0	1	0
14200	OBJECT	guild_symbol	Gilde Embleem	-45.9	-9.44	42.68	40.13	0	0	360	3000000	90011,5/90012,5	0	0	1	1	0
14201	WALL	fence01_door01	Muur Voorkant	-1000	-54	1000	20	0	0	360	3000000	"90010.50"	0	0	1	1	0
14202	WALL	fence01_back01	Muur Achterkant	-1000	-18	1000	18	0	0	360	3000000	"90010.50"	0	0	1	1	0
14203	WALL	fence01_left01	Linker Muur	-19	-1362	19	1362	0	0	360	3000000	"90010.50"	0	0	1	1	0
14204	WALL	fence01_right01	Rechter Muur	-18	-1362	18	1362	0	0	360	3000000	"90010.50"	0	0	1	1	0
14300	OBJECT	general_obj_stone01	Steen (1)	-116.04	-118.44	116.04	118.44	0	0	360	300000	90010,5	0	0	0	1	0
14301	OBJECT	general_obj_stone02	Steen (2)	-118.05	-132.67	118.05	132.67	0	0	360	300000	90010,5	0	0	0	1	0
14302	OBJECT	general_obj_stone03	Steen (3)	-133.43	-102.96	133.43	102.96	0	0	360	300000	90010,7	0	0	0	1	0
14303	OBJECT	general_obj_stone04	Steen (4)	-104.21	-117.82	104.21	117.82	0	0	360	300000	90010,7	0	0	0	1	0
14304	OBJECT	general_obj_stone05	Steen (5)	-171.59	-145.52	171.59	145.52	0	0	360	300000	90010,7	0	0	0	1	0
14305	OBJECT	general_obj_stone06	Steen (6)	-192.74	-201.58	192.74	201.58	0	0	360	300000	90010,8	0	0	0	1	0
14306	OBJECT	general_obj_stone07	Steen (7)	-183.58	-184.01	183.58	184.01	0	0	360	300000	90010,8	0	0	0	1	0
14307	OBJECT	general_obj_stone08	Steen (8)	-66.89	-56.67	66.89	56.67	0	0	360	300000	90010,8	0	0	0	1	0
14308	OBJECT	general_obj_stone09	Steen (9)	-65.87	-53.47	65.87	53.47	0	0	360	300000	90010,9	0	0	0	1	0
14309	OBJECT	general_obj_stone10	Steen (10)	-182.17	-123.03	182.17	123.03	0	0	360	300000	90010,9	0	0	0	1	0
14400	OBJECT	B1_PagodaTree_RT	Boom (1)					0	0	360	2000000	90011,5	0	0	0	1	0
14401	OBJECT	B1_PagodaTree_RT3	Boom (2)					0	0	360	2000000	90011,5	0	0	0	1	0
14402	OBJECT	B1_Sassafras_RT_Fall	Boom (3)					0	0	360	2000000	90011,7	0	0	0	1	0
14403	OBJECT	B1_Sassafras_RT_Fall2	Boom (4)					0	0	360	2000000	90011,7	0	0	0	1	0
14404	OBJECT	B3_ShingleOak_RT2	Boom (5)					0	0	360	2000000	90011,7	0	0	0	1	0
14405	OBJECT	B2_IvySpy_RT	Boom (6)					0	0	360	2000000	90011,9	0	0	0	1	0
14406	OBJECT	B2_IvySpy_RT4	Boom (7)					0	0	360	2000000	90011,9	0	0	0	1	0
14407	OBJECT	B2_JapaneseMaple_RT_Fall	Boom (8)					0	0	360	2000000	90011,9	0	0	0	1	0
14408	OBJECT	B2_JapaneseMaple_RT_Fall2	Boom (9)					0	0	360	2000000	90011,9	0	0	0	1	0
20139	OBJECT	flag_a	Gilde Banier (Paars)	-100	-100	100	100	0	0	360	1000000	90011,0	0	0	0	1	0
20140	OBJECT	flag_b	Gilde Banier (Blauw/Groen)	-100	-100	100	100	0	0	360	1000000	90011,0	0	0	0	1	0
20141	OBJECT	flag_c	Gilde Banier (Rood/Goud)	-100	-100	100	100	0	0	360	1000000	90011,0	0	0	0	1	0